"Daniel Jackson"
"Devika Subramanian"
"Caitlin Kelleher"
"Jason Eisner"
"Kevin R. B. Butler"
"Panayotis Mavromatis"
"Salman Avestimehr"
"Ed Lazowska"
"Benjamin Van Durme"
"Valerie E. Taylor"
"Michael S Waterman"
"Mark Corner"
"Marios Papaefthymiou"
"Pavol Cerny"
"Jan-Michael Frahm"
"Gregory W. Wornell"
"Chuck Hansen"
"Jarek Rossignac"
"Mats Heimdahl"
"Giuseppe Ateniese"
"Raju Pandey"
"David Jacobs"
"Santosh Vempala"
"Jaakko Jarvi"
"Rudra Dutta"
"John Gilbert"
"Debmalya Panigrahi"
"Jeff Erickson"
"Anita Wasilewska"
"Tucker Balch"
"Douglas S. Reeves"
"Eddie Kohler"
"Bill Tomlinson"
"Adnan Darwiche"
"Eric Paulos"
"Kirk Pruhs"
"Tim Sherwood"
"Ronald N. Goldman"
"James Cohoon"
"Marvin Minsky"
"Anastasios Sidiropoulos"
"Todd Austin"
"David L. Dill"
"Sara Kiesler"
"Sudhanva Gurumurthi"
"Dan Roth"
"I.V. Ramakrishnan"
"Marc Snir"
"Jaideep Srivastava"
"Samir Das"
"Kunle Olukotun"
"Mustaque Ahamad"
"Bruce R. Donald"
"Michael Kearns"
"Milos Hauskrecht"
"Damon L. Woodard"
"Greg Andrews"
"David Cheriton"
"Dennis Kafura"
"Kavita Bala"
"Venkat Chandrasekaran"
"David Jensen"
"Boon Thau Loo"
"Anna Gal"
"Kathryn Roeder"
"Vivek Sarin"
"Hakim Weatherspoon"
"Tai Sing Lee"
"Kasim Candan"
"Allen Tannenbaum"
"Jianer Chen"
"Maria Gini"
"Paul Hudak"
"Adam Finkelstein"
"Ruzena Bajcsy"
"Aaron Quinlan"
"Mary Hall"
"James Purtilo"
"Steven Reiss"
"Kostas Daniilidis"
"Emmett Witchel"
"Silvio Savarese"
"S. V. N. Vishwanathan"
"Joanne Selinski"
"Daniel M. Gusfield"
"Matthias Stallmann"
"Takeo Kanade"
"Robert Kraut"
"Christopher Barrett"
"Robert D. Skeel"
"Sanjoy Baruah"
"Ron Cytron"
"D. Stott Parker"
"James Foley"
"Brian Scassellati"
"Leah Findlater"
"Larry Peterson"
"Ian G. Harris"
"Joshua R. Smith"
"David Kotz"
"Doug James"
"Chris North"
"John Zimmerman"
"Alan H. Barr"
"Shaun Kane"
"Paul Debevec"
"William GJ Halfond"
"Sriram Sankaranarayanan"
"Ingolf Krueger"
"Tevfik Bultan"
"Barzan Mozafari"
"Ravi Ramamoorthi"
"Rada Y. Chirkova"
"Thorsten Joachims"
"Michael Freedman"
"Barton Miller"
"Elliot Soloway"
"Arunava Banerjee"
"Feifei Li"
"Jamie Callan"
"Nick McKeown"
"Eugene H. Spafford"
"Madhu Sudan"
"Sheila Greibach"
"Keith Marzullo"
"Tom Hinrichs"
"G. Elisabeta Marai"
"Stephen Wright"
"Christoph Bregler"
"Henrik Christensen"
"Radu Sion"
"Steven Seitz"
"Steve Zdancewic"
"Selmer Bringsjord"
"Alexander Razborov"
"Don Norman"
"Charles C Weems"
"Jeanne Ferrante"
"Nicoleta Roman"
"Emanuel Todorov"
"Robert Collins"
"Alvin R. Lebeck"
"Eric Mjolsness"
"Olga Vitek"
"Nicholas Roussopoulos"
"Ronald Arkin"
"Francis Quek"
"Rahul Basole"
"Lee Hollaar"
"Stefanie Tellex"
"Mark Oskin"
"Laxmikant V. Kale"
"Andrew Grimshaw"
"Nikil Dutt"
"Bertram Ludaescher"
"Baba C. Vemuri"
"Tommi Jaakkola"
"Etienne Vouga"
"Samuel Buss"
"Dan Frost"
"Lorie Loeb"
"Paul Dourish"
"Blair MacIntyre"
"Robert Harper"
"Jure Leskovec"
"Jason Flinn"
"Tamal Dey"
"Sandhya Dwarkadas"
"Lawrence Hunter"
"Anil Nirmal Hirani"
"Richard Bonneau"
"J. Zico Kolter"
"Ryan Williams"
"Noah Smith"
"Demetri Terzopoulos"
"Melvin Breuer"
"Chris Gniady"
"Fredo Durand"
"Howard Elman"
"Montek Singh"
"Youtao Zhang"
"David C. Parkes"
"David Cash"
"Dexter Kozen"
"Miodrag Potkonjak"
"Kostas Bekris"
"Prasad Raghavendra"
"Stephen Kobourov"
"Paul Medvedev"
"Bor-Yuh Evan Chang"
"Andreas Klappenecker"
"Christian Collberg"
"Ari Requicha"
"Charles Isbell - Jr."
"John Tsitsiklis"
"Richard Vuduc"
"Eliana Colunga"
"David Evans"
"Michael Bernstein"
"Anant Agarwal"
"Somesh Jha"
"Aloysius K. Mok"
"Sridhar Mahadevan"
"Valeria Bertacco"
"Chris Harrison"
"William D. Gropp"
"Dianne O'Leary"
"Leon Osterweil"
"Leonard B. Pitt"
"David Kriegman"
"Jack Snoeyink"
"Nick Hopper"
"Jeffrey A. Miller"
"Steven Zucker"
"Kristy Elizabeth Boyer"
"Alexandra Kolla"
"Alin Deutsch"
"Steve Homer"
"Beverly Sanders"
"John F. Canny"
"Kenneth Anderson"
"Pradeep Khosla"
"Manolis Kellis"
"James Reggia"
"Trent Jaeger"
"Eric Allender"
"Lawrence Henschen"
"Dana H. Ballard"
"Patrick D. McDaniel"
"Cyrus Shahabi"
"Eric Frew"
"Saugata Basu"
"Xiangyu Zhang"
"Blair D. Sullivan"
"Shamkant Navathe"
"Jodi Forlizzi"
"Georg Seelig"
"Ali Farhadi"
"Saman Amarasinghe"
"Jeffrey S. Chase"
"Elizabeth Belding"
"R. Michael Young"
"Benjamin Snyder"
"Andrew Hilton"
"Shuchi Chawla"
"Randal Bryant"
"P. Sadayappan"
"Milind Tambe"
"Atif Memon"
"Karl Crary"
"Arindam Banerjee"
"Alexey V Onufriev"
"Stuart J. Russell"
"My T. Thai"
"Bobby (Samrat) Bhattacharjee"
"Panos Chrysanthis"
"Janet Kolodner"
"Tiffani L. Williams"
"Hava T Siegelmann"
"Larry Carter"
"Gerald F. DeJong - II"
"Morteza Amir Rahimi"
"Bruce Tidor"
"Dean Tullsen"
"Greg N. Frederickson"
"Bruce Maggs"
"Davi Geiger"
"David L. Roberts"
"Wenke Lee"
"Michael L. Scott"
"Rami Melhem"
"Allen Taflove"
"Karl N. Levitt"
"John Keyser"
"Holly Rushmeier"
"Sudipto Guha"
"James Martin"
"Hanna M. Wallach"
"Joe Zachary"
"Michael R. Watts"
"Clark Barrett"
"Mihalis Yannakakis"
"Samuel N. Kamin"
"Mike Kirby"
"Robert Calderbank"
"James Demmel"
"Abhi Shelat"
"Thomas Schmid"
"Avrim Blum"
"Asuman Ozdaglar"
"J. Alex Halderman"
"Adam Smith"
"Haym Hirsh"
"Eric Roberts"
"Gerhard Fischer"
"Robert Schapire"
"Kamesh Madduri"
"Wyatt Lloyd"
"Csaba J. Egyhazy"
"Carla D. Savage"
"Keith Edwards"
"Augustin Chaintreau"
"Scott Schaefer"
"Alexander Waibel"
"Christian KA$?stner"
"Martin Farach-Colton"
"James O'Brien"
"Elena Grigorescu"
"Susan Horwitz"
"Bonnie Nardi"
"Ashok Goel"
"Henry M. Levy"
"Peter Scheuermann"
"Alan Borning"
"Vishal Misra"
"Guillermo Sapiro"
"Bilge Mutlu"
"Yang Richard Yang"
"David Thuente"
"Subhasish Mitra"
"Muriel Medard"
"Quentin F. Stout"
"Nalini Venkatasubramanian"
"Alexandre Megretski"
"Richard Martin"
"David Farber"
"Guido Gerig"
"Benjamin C. Lee"
"Duncan M. Walker"
"Tomasz Imielinski"
"Garth Gibson"
"Susan B. Davidson"
"Jim Hendler"
"Jeremy Buhler"
"Kevin Sullivan"
"Val Tannen"
"Ran Canetti"
"Jens Palsberg"
"Chitta Baral"
"Issac D. Scherson"
"John Ousterhout"
"Swarat Chaudhuri"
"Vincent Conitzer"
"Saurabh Sinha"
"Daniele Micciancio"
"David Garlan"
"Leonard Adleman"
"Hal Abelson"
"Mohammad Hajiaghayi"
"Worthy Martin"
"Sanjeev Khanna"
"Alain J. Martin"
"Nickolai Zeldovich"
"Ulrich Neumann"
"Badri Nath"
"Andrea LaPaugh"
"Devin J. Balkcom"
"Vivek Sarkar"
"Dieter Fox"
"Tomas Lozano-Perez"
"Thomas Fletcher"
"Concettina Guerra"
"Jennifer Mankoff"
"Volkan Isler"
"Alessandro Orso"
"Elizabeth Jessup"
"David Alexander Forsyth"
"Pieter Abbeel"
"Lisa Anthony"
"Alan Sussman"
"Patrick Thomas Eugster"
"Scott Jordan"
"Joseph Pasquale"
"Subhash Suri"
"Vinod Ganapathy"
"Don Batory"
"Roy H. Campbell"
"Mary Lou Soffa"
"Geoffrey Voelker"
"Lior Pachter"
"Daniel A. JimA(c)nez"
"Michael Eisenberg"
"John Hannan"
"Tim Roughgarden"
"Roberta Klatzky"
"Susan H. Rodger"
"Klara Nahrstedt"
"John E. Hopcroft"
"Prem Kumar"
"Emery Berger"
"Angelos Keromytis"
"Andrea Arpaci-Dusseau"
"Divyakant Agrawal"
"Robert Daley"
"Ilias Tagkopoulos"
"Cristina V. Lopes"
"Scott Klemmer"
"Randy H. Katz"
"Todd Dupont"
"Roger Chamberlain"
"Derek W. Hoiem"
"Yuriy Brun"
"Samuel Madden"
"Alex Endert"
"Brian Nelson"
"Annie AntA3n"
"Michael Littman"
"Ananth Grama"
"Laurie Williams"
"Xianghong Jasmine Zhou"
"Aniket Kittur"
"Aviral Shrivastava"
"DeLiang Wang"
"Adrien Treuille"
"Jonathan Shewchuk"
"Dylan Shell"
"Beki Grinter"
"Alan Yuille"
"Chris Manning"
"Chris Atkeson"
"Janos Simon"
"Rajeev Alur"
"Henry Hoffmann"
"Shwetak Patel"
"James Anderson"
"Cynthia Sturton"
"Anind Dey"
"Elisa Bertino"
"Michael Collins"
"Radu Stoleru"
"Bradley Calder"
"Trey Ideker"
"Jimeng Sun"
"Luis Rademacher"
"Matt Mason"
"Garrison Cottrell"
"Chee K. Yap"
"Stuart M. Shieber"
"Betsy DiSalvo"
"Julie Dorsey"
"James Hays"
"Ziv Bar-Joseph"
"Ellen Zegura"
"Aditya Akella"
"Dan Rubenstein"
"Michael Kifer"
"Steven Dow"
"Peter Schroeder"
"Stephen McCamant"
"Henry Kautz"
"Charles Elkan"
"Brian L. Curless"
"Jianbo Shi"
"Tyson Condie"
"Richard Wolski"
"David Kempe"
"Pete Keleher"
"Andrew Moore"
"Michael Franklin"
"Viktor Gruev"
"Samuel T. King"
"Barbara Ryder"
"Marco Caccamo"
"Roger King"
"Susanne Hambrusch"
"Adam Klivans"
"Ronald Rivest"
"J. Andrew (Drew) Bagnell"
"Mani Srivastava"
"Leonard McMillan"
"Francois Gygi"
"Amitabh Varshney"
"Johannes Gehrke"
"Ting Yu"
"Aiichiro Nakano"
"Petros Drineas"
"Ugur Cetintemel"
"Kenneth Perlin"
"Michael Ferdman"
"David Laidlaw"
"Ling Liu"
"Paul Barford"
"Philipp Koehn"
"Alexander Gray"
"Yoav Shoham"
"Ellis Horowitz"
"Westley Weimer"
"Magdalena Balazinska"
"Svetlana Lazebnik"
"Dezhen Song"
"Satish Narayanasamy"
"Umesh Vazirani"
"Dragomir Radev"
"Margaret H. Wright"
"Luca Daniel"
"Michael Casey"
"Frank Mueller"
"Anna Lysyanskaya"
"Karsten Schwan"
"Michael Arbib"
"Daniel Kane"
"Don Perlis"
"John Hollerbach"
"Thomas Vidick"
"John Anderson"
"Mark S. Ackerman"
"Michael O'Donnell"
"Martin Plonus"
"John Criswell"
"Robert Tarjan"
"Amin Vahdat"
"Jack Tumblin"
"Brian Kulis"
"Collin Stultz"
"Shachar Lovett"
"Luis VonAhn"
"Bruce Walker"
"Ralph Grishman"
"Scott Rixner"
"Oren Etzioni"
"Eric Price"
"Nikolaos Papanikolopoulos"
"George Karypis"
"Vladimir Jojic"
"Scott Mahlke"
"Bill Dally"
"Donald Loveland"
"Han-Wei Shen"
"Alexis Battle"
"Stephen M. Thebaut"
"Randy Avent"
"Jose A.B. Fortes"
"Hongyuan Zha"
"Assaf J. Kfoury"
"Vladimir Rokhlin"
"Erik Sudderth"
"Richard Korf"
"Omer Egecioglu"
"Alex Berg"
"Calvin Lin"
"Buster Dunsmore"
"Gregory Hager"
"Eugene Stark"
"Matt Blaze"
"Demosthenis Teneketzis"
"Jeff Trinkle"
"Yanif Ahmad"
"Gagan Agrawal"
"Ahmed Sameh"
"William Enck"
"Amelie Marian"
"Michael Walfish"
"Tian He"
"Daniel S. Hirschberg"
"Christopher Umans"
"Martin Hardwick"
"Raquel Urtasun"
"Christopher Dyer"
"Todd Millstein"
"Yin Zhang"
"Alex Borgida"
"Alan V Sahakian"
"Glenn Reinman"
"Alex C. Snoeren"
"Lorenzo Alvisi"
"Steven Swanson"
"Scott C. Schmidler"
"Sofya Raskhodnikova"
"Ashok Agrawala"
"Chang-Tien Lu"
"Shahram Ghandeharizadeh"
"Stefano Soatto"
"Jaswinder Singh"
"Erin Parker"
"Svetlana Yarosh"
"Sadik Esener"
"Huan Liu"
"James A. Fogarty"
"Elliot Anshelevich"
"Leonard J. Schulman"
"Daisy Zhe Wang"
"Yechiam Yemini"
"Joseph M. Hellerstein"
"Mahesh Viswanathan"
"Zvonimir Rakamaric"
"E. Gun Sirer"
"David Sontag"
"Rodrigo Fonseca"
"Michael Jordan"
"Chris M. Jermaine"
"Hari Balakrishnan"
"Mohamed G. Gouda"
"Paul S. Rosenbloom"
"Ryan Kastner"
"Paul Valiant"
"Michael Ferris"
"Michael Taylor"
"Madhav Marathe"
"Joseph N. Wilson"
"Klaus Mueller"
"Annie Liu"
"Maria Balcan"
"Anupam Datta"
"Manijeh Razeghi"
"Anshul Kundaje"
"Daniel Stefankovic"
"Ronald E. Parr"
"Sibel Adali"
"Jack C Wileden"
"Kayvon Fatahalian"
"Polo Chau"
"Srini Devadas"
"Vipin Kumar"
"Jennifer Golbeck"
"Minlan Yu"
"Leman Akoglu"
"Bharat Bhargava"
"Shivakant Mishra"
"Michael Neff"
"Laurent Itti"
"Jeffrey Foster"
"Lorenzo Torresani"
"Raj Jain"
"David A. Padua"
"Andrea Thomaz"
"Kevin Chen-Chuan Chang"
"Georgios Fainekos"
"John Mitchell"
"Ethan Katz-Bassett"
"Rida Bazzi"
"Brian A. Barsky"
"Malik Magdon-Ismail"
"Daniel A. Spielman"
"Kannan Srinivasan"
"Erez Zadok"
"S. Felix Wu"
"Steve Marschner"
"H.T. Kung"
"Cliff Shaffer"
"Sampath Kannan"
"David A. Mix Barrington"
"Clifford Stein"
"Stephanie Weirich"
"Chau-Wen Tseng"
"Hai Zhou"
"Richard Han"
"Andrew McCallum"
"Manoj M. Prabhakaran"
"Nikolaus Correll"
"Rajesh Gupta"
"Pen-Chung Yew"
"Sanjeev Arora"
"Susan Hohenberger"
"Michael Fredman"
"Robert Kass"
"Thomas H. Cormen"
"Nathan Srebro"
"Suchi Saria"
"Ping Li"
"Michael Honig"
"Michael Fischer"
"Christos Faloutsos"
"Insup Lee"
"Joseph Y. Halpern"
"Patrice Koehl"
"Michael Swift"
"Francisco Valero-Cuevas"
"Stephen Guy"
"Richard Scheines"
"Michael Bond"
"David Stotts"
"James H. Waldo"
"Shan Muthukrishnan"
"Seda Ogrenci Memik"
"Biswanath Mukherjee"
"Al Davis"
"Richard Cole"
"Gary Bishop"
"Ye Xia"
"Katrina Ligett"
"William R. Cook"
"Joe Warren"
"Donald J. Patterson"
"Shi-Kuo Chang"
"Robin Dowell-Deen"
"Richard A. Lucic"
"Constantine Dovrolis"
"Daniel S. Weld"
"Alan K. Cline"
"Paul Sivilotti"
"Eric Bach"
"Peter N. Belhumeur"
"Dong Xuan Xuan"
"Jennifer Widom"
"Robert Moll"
"Silvia Ferrari"
"Goce Trajcevski"
"Rui Wang"
"Taieb Znati"
"Shan Lu"
"B. Aditya Prakash"
"Zhuoqing Morley Mao"
"Ness Shroff"
"David August"
"Alexander Barg"
"Hao Li"
"John Stasko"
"Raj Reddy"
"Kennet I. Joy"
"Ben Watson"
"Joel I. Seiferas"
"Ron Eglash"
"Matthew Green"
"Krishna V. Palem"
"Wayne Hayes"
"Anish Arora"
"Deepak Ganesan"
"Vincent Aleven"
"David Brumley"
"Robin H. Kravets"
"Nina Amenta"
"Eric Poe Xing"
"Alexander Sherstov"
"Padma Raghavan"
"Srinivasan Parthasarathy"
"Sunil Prabhakar"
"Ten-Hwang Steve Lai"
"Harry R. Lewis"
"Babak Shahbaba"
"Deborah Joseph"
"Daniel Mosse"
"Joseph Konstan"
"Onur Mutlu"
"Roberto Tamassia"
"Fabin E Bustamante"
"Michael Brent"
"Jignesh Patel"
"Sugih Jamin"
"Roni Rosenfeld"
"Sharon Goldberg"
"Gopalan Nadathur"
"Robert L. Constable"
"Balaji Prabhakar"
"Larry D. Wittie"
"Colin Potts"
"Mayur Naik"
"Tony Jebara"
"Jorg Peters"
"Jonathan C.L. Liu"
"Stanley Osher"
"Jessica Hammer"
"Rahul Sarpeshkar"
"Xiaobai Sun"
"Shyam Gollakota"
"Jeff Heer"
"Krishnendu Chakrabarty"
"Tamara Sumner"
"Yali Amit"
"Craig Zilles"
"Rezaul Chowdhury"
"Anupam Gupta"
"Bhubaneswar Mishra"
"Majid Sarrafzadeh"
"Amr El Abbadi"
"Beichuan Zhang"
"BjAPrn Hartmann"
"Judea Pearl"
"Todd Mowry"
"Eric Gilbert"
"T. N. Vijaykumar"
"Vladimir Filkov"
"Rajiv Kalia"
"Sayan Mukherjee"
"Walid Aref"
"Yaron Singer"
"John Lafferty"
"Franco Preparata"
"Alin Dobra"
"Helen Nissenbaum"
"Brent Hecht"
"Joan Feigenbaum"
"Ernest Davis"
"Farnam Jahanian"
"Murali Annavaram"
"Benjamin M. Marlin"
"Rina Dechter"
"Tony Hosking"
"Nancy Pollard"
"Stefan Schaal"
"Albert Meyer"
"Mitch Marcus"
"Edward Gehringer"
"Douglas Clark"
"Scott Shenker"
"Eftychios Sifakis"
"Rajeev Barua"
"Jonathan Appavoo"
"Daniel P. Huttenlocher"
"Yaser S. Abu-Mostafa"
"Lubomir Bic"
"Zach Ives"
"Dan Sheldon"
"Charles Dyer"
"Scott Baden"
"Ramalingam Chellappa"
"Ben Shneiderman"
"Timothy Lenoir"
"Chandra Krintz"
"Ross Tate"
"Gail E. Kaiser"
"Padhraic Smyth"
"Seymour Goodman"
"David Walker"
"Christos Papadimitriou"
"Pedro Domingos"
"Vineet Bafna"
"Jay Kuo"
"John Stankovic"
"Janyce Wiebe"
"Boleslaw Szymanski"
"Adam Porter"
"Andrew Myers"
"Rajesh Rao"
"Alexander J. Smola"
"Moshe Y. Vardi"
"BarnabA!s PA3czos"
"Viktor K. Prasanna"
"Prashant Shenoy"
"Karthikeyan Sankaralingam"
"Ronald A. Olsson"
"Vivek Srikumar"
"Khaled Harfoush"
"Tuba Yavuz-Kahveci"
"Yousef Saad"
"Stephen Lu"
"Amol Deshpande"
"Zeeshan H. Syed"
"Lee Coraor"
"Tuomas Sandholm"
"Sanjoy Dasgupta"
"Shriram Krishnamurthi"
"Mladen Vouk"
"Jeff Weiss"
"Carl Kingsford"
"Benjamin Kuipers"
"Hector Garcia-Molina"
"Wei Wang"
"Todd Proebsting"
"David Spooner"
"Steven D. Gribble"
"Selim Shahriar"
"Luay K. Nakhleh"
"Sergey Bratus"
"Stephen Cooper"
"Evangelos Kalogerakis"
"Li-Shiuan Peh"
"Bhuvan Urgaonkar"
"Sanmay Das"
"Huamin Wang"
"Manuel A. A. PA(c)rez-QuiA+-ones"
"Martin Berzins"
"Ken Salisbury"
"Thomas Reps"
"Falko Kuester"
"Violet Syrotiuk"
"Sonia Fahmy"
"Gul Agha"
"Silvio Micali"
"Georg Essl"
"David Mount"
"Venkat Venkatasubramanian"
"Ambuj K. Singh"
"Rance Cleaveland"
"Rick Stevens"
"Srinivasan Seshan"
"Webb C. Miller"
"Alex Orailoglu"
"Martin J. Strauss"
"David Sturgill"
"Mehran Sahami"
"Eun Jung Kim"
"Nate Foster"
"Mike Genesereth"
"Indranil Gupta"
"Sartaj Sahni"
"Hui Zhang"
"Wesley O. Johnson"
"David E. Culler"
"Roderic A Grupen"
"Noah Snavely"
"Jitendra Malik"
"Konstantinos Daskalakis"
"Vijaya Ramachandran"
"Daniel J. Sorin"
"Christopher Langmead"
"Vijay Vazirani"
"Prabal Dutta"
"Fei Sha"
"Stephen A. Edwards"
"Dawn Song"
"Elchanan Mossel"
"Gaetano Borriello"
"Liviu Iftode"
"Robert A. Van de Geijn"
"Yunan Chen"
"Dennis Shasha"
"Matthew Caesar"
"Pinaki Mazumder"
"David M. Brooks"
"Peter Cappello"
"Evimaria Terzi"
"John Kececioglu"
"Douglas Comer"
"Chris Callison-Burch"
"William Griswold"
"Jose Meseguer"
"Wenjing Lou"
"John Aloimonos"
"Mark Crovella"
"John E. Laird"
"Jasleen Kaur"
"Gevorg Grigoryan"
"Mukkai Krishnamoorthy"
"Ron Weiss"
"Xi Chen"
"Zoran Popovic"
"Andrew Chien"
"Nikos Hardavellas"
"William Scherlis"
"Frank M. Shipman"
"Sneha Kasera"
"Xia Zhou"
"Anselmo Lastra"
"Cristina Nita-Rotaru"
"Yong Cao"
"Bryan Pardo"
"Karem A. Sakallah"
"Michael T. Goodrich"
"Donald Chiarulli"
"Injong Rhee"
"Jeffrey M. Siskind"
"Songwu Lu"
"Suresh Venkatasubramanian"
"James Herbsleb"
"William Peake"
"Subhash Khot"
"John Regehr"
"Amy Bruckman"
"Joseph Ja' Ja'"
"Serge Belongie"
"Yiling Chen"
"Martha Palmer"
"Samuel Wagstaff"
"Satish Rao"
"H. Venkateswaran"
"Steven Low"
"Grigore Rosu"
"Scott A. Smolka"
"Jason Ernst"
"Eakta Jain"
"Alfred V. Aho"
"Eliezer Gafni"
"John Knight"
"Benjamin C. Pierce"
"Ion Stoica"
"Kenneth Supowit"
"Raluca-Mihaela Gordan"
"Robert Fornaro"
"Richard Lathrop"
"Matthew A. Bishop"
"Dongyan Xu"
"Craig Caldwell"
"Jeffrey Eppinger"
"Kirk W. Cameron"
"Randal Burns"
"Manuel Blum"
"Douglas Oard"
"Lauren Wilcox"
"Julia Hirschberg"
"Abhishek Bhattacharjee"
"Yisong Yue"
"Brent Waters"
"Robert L. Bryant"
"John H. Reif"
"Piotr Berman"
"Atanas Rountev"
"Ergun Akleman"
"Sylvia Ratnasamy"
"Russell Impagliazzo"
"Robert Lewis (Scot) Drysdale III"
"Julia Chuzhoy"
"Mauro Maggioni"
"Rakesh Vohra"
"Martin Furer"
"Stephen Brookes"
"Alexander Schliep"
"Arvind Narayanan"
"Alok N Choudhary"
"Godmar Back"
"Ryan O'Donnell"
"Dana Moshkovitz"
"Jonathan Aldrich"
"Umut Acar"
"Kathleen McKeown"
"John Guttag"
"Evdokia Nikolova"
"Christopher Gill"
"Daniel Klein"
"Juan E. Gilbert"
"Jason Lawrence"
"Robert D. Rodman"
"Paul Beame"
"Dipak Ghosal"
"Christopher Bystroff"
"J. Eliot B. Moss"
"Thomas R. Ioerger"
"Scott Stoller"
"Piotr Indyk"
"Eric Keller"
"Patrick Winston"
"Jonathan Turner"
"Phil Resnik"
"Ahmed Elgammal"
"Jacob Abernethy"
"Lori A Clarke"
"Vladimir Braverman"
"Hussein Badr"
"Donald F Towsley"
"Rafail Ostrovsky"
"George Necula"
"John Reppy"
"Tajana Rosing"
"Devavrat Shah"
"David A. Bader"
"Wm. Randolph Franklin"
"Frank Pfenning"
"Roch Guerin"
"Luke Zettlemoyer"
"Mark Riedl"
"Michael Rappa"
"Thrasyvoulos N Pappas"
"Stan Sclaroff"
"Jason Nieh"
"Benjamin Langmead"
"Steve Gribble"
"Greg Turk"
"Philip Klein"
"Carlos Varela"
"Aaron Bobick"
"Lawrence Rauchwerger"
"Thomas Wies"
"Henry Fuchs"
"William H. Press"
"Jan Prins"
"David Karger"
"Ben Bederson"
"Vijaykrishnan Narayanan"
"Ellen Do"
"Erik Winfree"
"Bahman Kalantari"
"Louis Gomez"
"Matthew K. Farrens"
"Haryadi Gunawi"
"Jaime Carbonell"
"Chad Jenkins"
"Kathleen M. Carley"
"John Bennett"
"Richard E. Ladner"
"J. Strother Moore"
"Mary Jane Irwin"
"John H. Holland"
"David S. Johnson"
"Merrick Furst"
"Richard Newman"
"Peter Steenkiste"
"romit roy choudhury"
"Shafrira Goldwasser"
"Chris Dwyer"
"Patrick Hanrahan"
"Ben Hardekopf"
"Randy Freeman"
"Michael Hicks"
"Carlo Tomasi"
"Alon Orlitsky"
"Mendel Rosenblum"
"Rob Johnson"
"Michael Wozny"
"Tadayoshi Kohno"
"Alexandra Meliou"
"Keshav Pingali"
"Carla Gomes"
"Shashi Shekhar"
"Alexander Nicolau"
"Carlos Guestrin"
"Daisuke Kihara"
"Michael Erdmann"
"James C. Lester"
"Daniel Sanchez"
"Jordan Boyd-Graber"
"Anhai Doan"
"Ing-Ray Chen"
"Donald J. Rose"
"Wojciech Szpankowski"
"Nelson Max"
"Allan Gottlieb"
"Carla Schlatter Ellis"
"Michael Young"
"Henryk Wozniakowski"
"Robin R. Murphy"
"Kenneth P. Birman"
"Tolga Tasdizen"
"Rob A. Rutenbar"
"Steven Nowick"
"Kobus Barnard"
"Elizabeth Mynatt"
"Ashwin Machanavajjhala"
"Ian Horswill"
"Jeffrey Remmel"
"Satinder Singh Baveja"
"Ketan Mayer-Patel"
"William Freeman"
"Matthew Franklin"
"Krzysztof Gajos"
"Seth Teller"
"Alex Kirlik"
"Hasan Davulcu"
"Leslie Valiant"
"Richard Furuta"
"Dimitris Samaras"
"Steven Rudich"
"Norman S. Matloff"
"Dan Suciu"
"George Kollios"
"Jonathan Katz"
"David Eppstein"
"Oded Regev"
"M. Ehsan Hoque"
"Casimir Kulikowski"
"Andy Pavlo"
"David Gelernter"
"Daniel E. Atkins"
"Robert Berwick"
"Tom M. Mitchell"
"Gerald Sussman"
"James Rehg"
"Qin Lv"
"Jesse Barlow"
"Russ Joseph"
"Katherine Heller"
"Larry Wasserman"
"Ramamohan Paturi"
"David Van Horn"
"Ross Whitaker"
"Partha Dasgupta"
"Vinod Vaikuntanathan"
"Todd A. Brun"
"Elizabeth Bradley"
"Larry Ruzzo"
"Thomas F. Wenisch"
"Michael Dinitz"
"Rabi N. Mahapatra"
"Emerson Murphy-Hill"
"John Black"
"Alfred Weaver"
"Aaron Clauset"
"Joel Spencer"
"Julia Constanze Hockenmaier"
"Oussama Khatib"
"Mohammad Mahmoody"
"Sven Koenig"
"Grant Schoenebeck"
"Zhendong Su"
"David B. Johnson"
"David R. Cheriton"
"Jacobo Carrasquel"
"Sheldon Howard Jacobson"
"Alexander Ihler"
"Arunabha Sen"
"David Andersen"
"Dana Angluin"
"Nick Feamster"
"Aman Yadav"
"Luca Carloni"
"Edmund H Durfee"
"Michael Ernst"
"Aviel Rubin"
"Michael Gleicher"
"Ricardo Bianchini"
"Andre Platzer"
"Tim Kraska"
"Fabian Monrose"
"Tom Anderson"
"Li Zhang"
"Matthew Flatt"
"Rephael Wenger"
"Michael J. Carey"
"Umakishore Ramachandran"
"Henrik Jensen"
"Pavel Pevzner"
"Sorin Istrail"
"Ravi Janardan"
"Nir Shavit"
"Alexander J. Hartemink"
"Jennifer Rexford"
"Daniel W. Goldberg"
"Bradley Lucier"
"Manuel E. Bermudez"
"George Verghese"
"Robert Soare"
"Saumya Debray"
"Radhika Nagpal"
"Chengxiang Zhai"
"Sergei Nirenburg"
"Jeffrey R. N. Forbes"
"Tracy Anne Hammond"
"Pedro Felzenszwalb"
"Yuval Tamir"
"Moses Charikar"
"Sachin Katti"
"Jessuca Utts"
"Irfan Essa"
"Chita R. Das"
"Stergios Roumeliotis"
"Mary Shaw"
"Marco Levorato"
"H V Jagadish"
"Chris Peikert"
"Aditya P. Mathur"
"Clyde Kruskal"
"Doug Tygar"
"John P. Hayes"
"Paul D. Gader"
"Maneesh Agrawala"
"Kilian Weinberger"
"Kenneth Ross"
"Shree K. Nayar"
"Leysia Palen"
"Ken Goldberg"
"Ron Fedkiw"
"Fei-Fei Li"
"Michael Franz"
"Edward A. Fox"
"Kyla A. McMullen"
"David Wetherall"
"Alfred Kobsa"
"Michael Horn"
"Lenore Blum"
"Shivnath Babu"
"Samir Khuller"
"Ani Nenkova"
"Andrew McGregor"
"Jing Chen"
"Daphne Koller"
"Zeev Dvir"
"Bob Kessler"
"Cauligi (Raghu) Raghavendra"
"Ana Milanova"
"Larry Smarr"
"Milo Martin"
"Victor Vianu"
"Henning Schulzrinne"
"Lars Arge"
"Mikhail Belkin"
"Barbara Cutler"
"Richard Lipton"
"Ranjit Jhala"
"T. S. Eugene Ng"
"Xavier Tricoche"
"Suresh Jagannathan"
"Gloria Mark"
"Pablo Parrilo"
"Song Chun Zhu"
"Doug A. Bowman"
"Jeffrey Naughton"
"Michael G. Dyer"
"S. Rao Kosaraju"
"Lydia E. Kavraki"
"David Bindel"
"Zhaojun Bai"
"Prasad Tetali"
"Mark D. Hill"
"Robert Sedgewick"
"Edward Felten"
"Eric Brewer"
"David Blei"
"Charles Stewart"
"Jon Froehlich"
"David Mazieres"
"John Mellor-Crummey"
"Lakshminarayanan Subramanian"
"Jon Kleinberg"
"Santosh Nagarakatte"
"Neil Immerman"
"Richard R. Muntz"
"Giovanni Vigna"
"Ramani Duraiswami"
"Deborah Tatar"
"Claire Mathieu"
"John Carlis"
"Andrew Appel"
"Richard Stern"
"Steven K. Feiner"
"Ian Foster"
